5
42 214 1432
432 324 32235
12 42 5655
54 655 43532
-1 -3 4123
10
98 87 6421
67 63 4113
9 8 5362
-98 -99 2313
12 13 4567
1 2 5
23 213 4324
54 23 12321
43 235 25425
98 87 1237
7
12 343 1244
98 72 1294
76 54 2413
71 36 1283
98 73 1234
-21 -24 4142
-24 45 3245
15
23 213 4324
54 23 12321
43 235 25425
71 36 1283
98 73 1234
432 324 32235
12 42 5655
1 2 5
9 8 7632
7 6 5321
56 21 2314
76 123 12344
98 32 1244
-87 -75 7500
-90 -85 6000
25
23 213 4324
54 23 12321
43 235 25425
71 36 1283
98 73 1234
432 324 32235
12 42 5655
1 2 5
9 8 7632
7 6 5321
56 21 2314
76 123 12344
98 32 1244
-87 -75 7500
-90 -85 6000
98 87 6421
67 63 4113
9 8 5362
-98 -99 2313
12 13 4567
1 2 5
23 213 4324
54 23 12321
43 235 25425
98 87 1237
12
1 21 23553 
2 123 325
3 312 5634
42 213 456
52 21 4634
63 34 4636
74 53 6554
85 56 574
94 64 576
10 46 6777
114 646 6577
124 64 45645
0
